00000000000000000000000
35085600350000062169000
46135392420000073346000
35059056350000051666000
35055968960000040042000
35077929270000029745000
35056002220000014946000
35056058280000015662000
35368958320000038944000
35059042560000040461000
35056055770000015247000
35099011540000014622000
46135342240000010107000
46725117420000012969000
35059142940000016378000
34385620270000011269000
46135345500000010040000
35065279790000027887000
38345609320000011734000
35059142780000011260000
35105282970000009948000
35115612470000027963000
35056107830000021387000
35059054490000044615000
46136172780000010146000
35055958140000009644000
46135342590000016409000
46139003950000010030000
46136146270000008792000
06050839940000062561000
44905581150000009325000
46136119460000008566000
36175333230000051011000
46135348010000010726000
46136166700000013197000
46135338050000010055000
35055395230000024827000
46105843360000008919000
46135343640000007777000
46135344020000016284000
46135857750000008707000
08120611510000057158000
46135857590000008282000
46135341190000010506000
46135342670000009382000
46135345690000008449000
46135346580000007668000
46135857670000009916000
46135369440000006943000
46135345850000008377000
46135365100000009600000
46136191060000035613000
46135343560000017563000
46208980290000017505000
46135343800000012030000
46135340460000011695000
46136166110000019157000
46135345770000008951000
46135341940000012553000
46135340700000011197000
46135336940000011185000
46135337400000013286000
46135370370000013396000
46136176930000015548000
46095093040000030009000
46138951030000009970000
46135339530000008690000
93115547320000010051000
46135338480000010114000
46135358830000015012000
46135347980000009590000
46135343990000020068000
46135856780000010500000
46135338800000004139000
46745603680000010239000
46136168400000012328000
46139004090000008925000
46135343130000015254000
46015751460000009826000
46135341510000009438000
46136190920000007418000
90017856610000008801000
46136205380000012291000
46136187380000008848000
46135337240000010465000
46135337080000012744000
46135961810000008447000
46135857400000011957000
46715195290000014108000
46138971300000011363000
35059142860000009617000
46135359560000009968000
46135338640000007664000
46135340110000007593000
46135355220000009676000
46135856350000010440000
46136145620000010994000
46135343480000012294000
46135355490000011131000
46135345930000011254000
46135345340000010305000
46135346150000010247000
46135340540000009137000
46136132720000008701000
46135340380000015979000
35056091300000052005000
46135358910000021983000
46135360300000012398000
46139013910000025011000
46136166540000009609000
46135342160000015782000
46135384400000007470000
46635225100000008904000
46136145890000010989000
46135339450000013298000
46275521870000009748000
46139003600000027620000
46135342750000013854000
46135383350000006545000
46135355060000008247000
46136146190000010349000
46135342910000015361000
35205535080000044066000
35105253600000040619000
35285293980000054794000
46135344530000010997000
35056070060000012437000
46135341270000005213000
46135344610000009973000
46135856430000009651000
46136144220000011362000
46135872470000005611000
46135857240000006731000
35055379540000035228000
35059143080000010570000
46637755160000009734000
46136166890000009052000
46135344100000015515000
46136164920000010258000
46135341780000010214000
46135530910000007702000
46135340890000001682000
46206097010000006985000
81106729600000004428000
